00 22.07 47.83 1008.60
01 21.72 45.71 1008.97
02 21.45 48.18 1010.00
03 21.26 47.94 1011.12
04 21.23 48.22 1011.78
05 21.21 45.79 1011.64
06 21.20 46.25 1010.96
07 21.15 45.17 1010.84
08 21.57 49.82 1009.16
09 21.79 50.26 1009.69
10 21.69 48.85 1010.14
11 21.66 47.95 1009.94
12 21.03 41.43 1012.02
13 22.05 49.57 1012.54
14 21.47 41.27 1013.14
15 22.63 42.92 1013.27
16 23.09 47.59 1013.12
17 22.49 41.45 1012.83
18 21.60 35.50 1012.42
19 22.37 38.16 1011.97
20 21.93 32.05 1011.58
21 23.72 34.47 1011.82
22 22.12 29.13 1012.92
23 23.46 33.45 1013.60
