00 20.34 36.91 1009.21
01 21.14 40.28 1009.48
02 22.04 45.19 1009.07
03 21.53 42.19 1008.71
04 21.86 43.51 1008.34
05 21.40 42.03 1007.91
06 22.13 45.27 1007.69
07 22.37 49.15 1006.77
08 22.06 46.56 1005.80
09 22.13 47.30 1004.88
10 22.24 49.86 1005.06
11 22.26 49.87 1004.91
12 21.98 46.23 1004.40
13 21.94 43.49 1003.71
14 22.29 47.13 1001.64
15 21.93 43.23 1000.55
16 20.51 38.85 998.75
17 20.62 39.67 998.79
18 22.02 45.14 996.07
19 21.65 44.60 998.17
20 21.81 48.87 999.45
21 21.16 45.30 999.96
22 21.30 44.93 1001.96
23 21.94 48.54 1003.21
