00 21.74 39.56 1013.92
01 21.23 36.94 1013.34
02 21.72 40.34 1013.72
03 21.59 38.80 1014.13
04 21.52 39.49 1014.23
05 21.58 39.68 1014.25
06 21.45 42.43 1013.81
07 21.75 42.94 1013.30
08 21.72 44.96 1012.68
09 21.26 41.38 1012.28
10 21.61 45.67 1012.58
11 21.19 41.17 1012.90
12 21.80 43.03 1013.28
13 21.45 40.71 1013.03
14 21.41 36.54 1012.53
15 22.03 38.97 1011.36
16 21.99 37.24 1010.26
17 21.60 41.28 1009.36
18 21.74 43.08 1008.02
19 20.31 36.74 1006.64
20 20.48 38.84 1005.70
21 20.57 39.34 1005.10
22 20.34 38.23 1004.92
23 21.95 42.82 1004.74
