00 21.90 47.53 1003.22
01 22.29 52.98 1005.11
02 21.82 46.96 1005.26
03 22.23 50.96 1004.91
04 21.86 47.45 1006.35
05 21.99 49.96 1007.29
06 21.82 50.40 1007.83
07 21.53 47.61 1007.95
08 21.61 51.53 1007.72
09 21.42 50.29 1009.09
10 21.03 47.01 1011.88
11 21.32 47.09 1013.03
12 21.53 48.82 1013.67
13 21.75 46.23 1014.50
14 21.84 45.31 1014.88
15 21.55 42.14 1015.89
16 21.68 41.74 1015.65
17 21.81 40.13 1015.11
18 21.10 39.16 1014.11
19 21.22 39.96 1013.18
20 21.01 36.06 1012.56
21 21.14 38.17 1012.65
22 21.99 38.67 1013.15
23 21.07 35.09 1013.61
