00 21.93 42.46 1004.80
01 21.99 43.74 1004.74
02 21.98 44.98 1004.33
03 22.00 45.82 1003.73
04 21.84 45.08 1003.95
05 21.53 43.36 1002.89
06 21.41 43.89 1002.24
07 21.61 44.99 1001.69
08 21.88 48.40 1000.95
09 22.09 50.01 1001.29
10 21.59 47.43 1001.11
11 21.96 50.44 1001.93
12 22.23 52.02 1002.26
13 22.38 51.90 1002.37
14 21.76 44.51 1001.88
15 21.49 43.27 1001.46
16 23.21 56.83 1001.83
17 22.80 52.99 1001.85
18 22.62 50.00 1001.81
19 22.66 51.43 1002.65
20 22.52 50.20 1004.73
21 23.06 57.52 1005.40
22 22.73 54.50 1006.68
23 22.35 51.87 1007.71
